41.30435
41.39296
41.91559
43.01451
41.83345
40.77887
40.88806
41.100388
40.034958
40.214523
37.956375
35.11473
34.875458
36.456696
37.4785
38.763702
38.75055
43.231216
43.58403
41.683975
44.813934
43.343292
43.483994
43.77632
46.02539
50.557587
51.06967
57.49478
58.08967
59.848267
64.108894
68.43638
73.54784
76.57019
75.856064
74.33787
78.08966
85.76981
93.18885
101.606155
106.96344
112.19511
120.74283
131.12
139.71304
146.8457
143.20744
138.44482
146.10316
162.64697
189.8104
207.04102
223.1655
239.15462
263.06744
284.11435
308.11768
322.5584
330.3428
339.9808
369.38666
420.25726
466.1949
489.91733
495.49185
496.47992
501.66125
486.04416
474.71573
470.8877
471.55988
460.15494
449.66153
444.83786
441.23355
439.49646
437.0745
436.85815
434.1305
430.49792
425.76926
431.59906
430.38843
430.8038
441.64154
448.96713
462.12134
461.39584
463.80484
465.88205
457.66876
454.16547
447.22668
446.4681
436.61023
421.6742
416.55853
411.00644
412.33002
420.25372
408.76047
420.0614
415.1687
417.75473
409.7027
401.2906
394.27478
382.42422
367.8808
373.50626
376.67334
373.31836
387.05524
384.29102
383.1266
390.7897
395.98816
386.41687
380.94565
369.48
374.98663
379.79962
391.64285
391.01337
382.12915
372.89978
375.52438
377.05487
384.98883
392.3529
374.52222
368.2658
368.70807
376.2281
389.899
394.4788
383.69922
373.9036
381.62125
385.23697
392.15137
385.3697
378.5174
373.8709
374.9165
375.7175
382.5724
389.70532
387.01355
385.50983
385.6724
394.33466
402.14673
407.79193
396.02103
394.24295
398.8555
416.21432
438.2938
438.6793
432.19702
431.03915
422.326
433.12738
438.99667
438.80756
419.15576
416.84137
418.34717
432.83167
455.61343
469.68588
457.0437
456.6581
461.324
468.97177
474.62253
464.36923
449.33643
435.39343
427.1789
444.35938
450.51553
450.19107
440.58838
431.59583
431.87448
428.69485
438.6854
437.4357
423.95135
421.88123
423.9532
421.2177
434.97125
442.32773
438.74808
420.55133
411.43228
403.80835
408.8177
405.4097
388.00098
376.97876
372.08432
393.4386
403.14587
378.85834
395.15527
369.226
343.937
334.6154
326.73297
322.78516
306.749
294.73224
283.57126
274.21
276.24762
271.14102
261.0156
247.63742
241.23544
235.17595
246.0535
230.88808
221.71535
214.97278
213.90659
220.68365
223.61975
222.78857
216.50638
203.19818
196.51932
204.55383
201.01526
200.75317
188.70287
193.6171
194.61124
189.66597
189.7902
185.5135
181.35878
171.09767
171.14467
172.13373
171.65279
169.02022
156.47638
149.53506
150.41579
147.73442
153.02304
149.45227
142.97577
132.48509
121.32624
117.26051
116.18806
103.17322
92.22569
88.73208
83.32766
91.065
94.611725
95.70651
89.85475
83.1954
80.47283
83.38637
80.163506
75.918236
71.7537
69.47859
78.448494
75.56229
66.97178
60.331024
58.691116
56.23504
54.685684
53.785835
51.322716
49.085297
47.432663
47.94818
